I = 1;
N = 7.8e9;
R = 0;
S = N - 1;
b = 0.35;
a = 1/9;